1.120702,
-0.649665,
0.431464,
0.965016,
-1.580747,
-1.488446,
0.198160,
-0.059082,
1.561903,
1.195841,
0.937364,
-1.794672,
-1.708459,
-1.645890,
1.193403,
1.772033,
0.734862,
-1.471668,
0.890898,
-1.558586,
-1.530029,
0.562872,
-0.684743,
0.615248,
0.996526,
0.332743,
0.960129,
-1.060692,
0.939830,
1.882394,
1.467721,
-1.655062,
-0.534254,
-0.523205,
0.740114,
0.391767,
1.157456,
-0.529388,
-1.175889,
-1.653334,
1.087736,
-1.177302,
-0.446913,
0.207114,
-1.084187,
0.567762,
-0.062079,
-1.392618,
1.127728,
-1.597575,
-0.823735,
-1.050508,
0.123489,
-1.634005,
-0.378738,
-1.580615,
-1.550864,
1.137712,
-0.833719,
0.414134,
1.857691,
-0.270060,
0.779009,
1.032397,
-0.269431,
0.621992,
-1.560980,
1.735039,
-1.250157,
-0.935285,
1.191321,
-0.049585,
1.075833,
-0.415973,
-0.908245,
-1.851061,
0.693180,
-0.281742,
-0.193043,
0.439429,
-1.762387,
-0.736754,
1.090889,
0.785732,
-1.498671,
-1.479394,
-1.630591,
-1.968719,
-0.307562,
0.622293,
0.891690,
0.124837,
-1.564728,
0.527065,
-1.494001,
-1.462787,
-1.605624,
-1.431891,
-1.326995,
-1.215004,
-0.730081,
-0.734284,
-1.129747,
-0.995833,
1.571690,
0.812893,
0.222952,
-1.262265,
-1.151877,
-1.690613,
1.655202,
0.826861,
0.231156,
-0.746284,
-1.335186,
0.489989,
1.951739,
-1.318272,
-0.968831,
-0.412803,
-1.704021,
0.736384,
-0.390447,
1.931341,
-0.391264,
0.482688,
-1.382521,
-0.474619,
-1.355464,
1.032450,
1.484444,
-0.596893,
0.742143,
-0.823405,
0.122517,
1.329694,
0.389961,
-0.658755,
-0.803100,
-0.189630,
-0.309417,
-0.561575,
0.233277,
0.970181,
-0.302661,
-0.282577,
-1.500509,
-1.902264,
-0.839259,
-0.729918,
0.614761,
1.827744,
1.742923,
-0.168455,
-1.038086,
1.055592,
1.037310,
0.962592,
0.974753,
-1.576318,
0.726242,
-0.146958,
-1.151347,
-1.605925,
1.294298,
-1.299961,
-1.345720,
0.663949,
1.577558,
0.066233,
0.810809,
-1.385638,
1.813828,
0.163536,
0.718936,
-1.853748,
1.236815,
0.994475,
-1.519252,
0.100181,
-0.696665,
0.185798,
-0.404477,
-0.339626,
-1.277049,
-0.978453,
-1.917857,
1.694702,
0.614800,
1.730454,
-1.345951,
1.684389,
1.178632,
0.309577,
-0.239858,
-0.969545,
1.007786,
-1.085322,
-1.743252,
1.069318,
0.684809,
0.860850,
0.568243,
-0.323807,
-0.436952,
1.264560,
-0.730289,
1.258159,
1.156294,
1.409056,
0.022546,
0.542646,
1.803578,
-0.224143,
-1.759925,
1.467000,
0.524755,
-0.579705,
1.988013,
-1.103314,
0.609804,
0.419963,
-0.451018,
-1.431251,
-1.899460,
-0.315551,
-1.263599,
0.903101,
-0.518549,
1.366240,
0.936919,
0.284103,
-1.292580,
1.829536,
-0.938712,
1.698324,
-1.104918,
-0.505745,
-1.649999,
0.560466,
-1.277532,
-1.819796,
0.892694,
-0.610249,
0.642467,
-0.464526,
0.509386,
-1.913401,
1.642280,
1.202235,
0.983390,
1.252451,
-0.466775,
0.469117,
0.301979,
0.120207,
-0.899721,
-1.005484,
-0.193445,
-1.089149,
1.217798,
1.944417,
-1.880032,
0.142657,
-1.651691,
1.208366,
1.956580,
-1.732215,
1.757593,
-1.927290,
0.735354,
1.134946,
0.136550,
1.541438,
1.596020,
0.503751,
-1.448524,
-1.128794,
-1.271436,
-1.832721,
-1.572233,
0.465774,
1.758644,
-0.582177,
-0.357484,
1.937398,
1.782317,
0.706579,
1.953209,
1.067326,
-0.653203,
0.649527,
-1.023339,
-0.817971,
0.720713,
0.111387,
-0.353626,
0.410553,
1.002080,
0.334133,
0.207170,
0.334282,
0.047280,
-1.669629,
0.878281,
1.984624,
-0.581863,
1.885035,
-0.614205,
1.546175,
-0.181221,
-0.346291,
-1.129072,
-1.497382,
-0.764342,
0.904418,
1.131488,
0.775150,
-1.960791,
1.372853,
1.689328,
1.083817,
-1.829361,
-0.487255,
0.817358,
0.918052,
-1.102892,
-0.923781,
0.692125,
-0.090031,
0.494866,
-1.054220,
-1.291505,
1.318574,
1.067687,
1.737913,
-1.568444,
-1.271090,
-1.603619,
-0.040945,
-1.227019,
1.583566,
-1.603641,
-1.823338,
0.229181,
1.089980,
-0.752240,
-1.284070,
-0.644177,
-1.159417,
0.040610,
1.625457,
0.515696,
-1.593864,
-0.436581,
-1.781534,
0.005132,
-0.273115,
1.990241,
1.246410,
-0.057393,
1.577791,
-1.449814,
-0.439980,
1.709425,
1.669975,
0.854296,
0.473350,
-0.626848,
1.744109,
-1.500904,
0.922341,
0.585910,
1.332608,
-0.406871,
0.999289,
1.340882,
-0.710158,
0.209046,
1.916517,
0.197234,
-0.678306,
0.477886,
-0.557454,
1.026038,
-0.344397,
-0.030620,
0.778973,
1.890936,
-0.688980,
1.351213,
0.956289,
1.816698,
-1.872309,
-0.572524,
0.650615,
-0.873994,
-1.078468,
0.844514,
0.498292,
0.362435,
0.641752,
-1.809781,
-0.604861,
-0.194638,
-1.036380,
0.860180,
1.424729,
-0.873969,
0.924203,
-1.448948,
1.346891,
-1.445593,
0.352838,
-0.535373,
1.227038,
0.015123,
-0.041623,
1.508195,
-0.587433,
-0.202226,
1.854121,
-1.830809,
1.891833,
-1.243173,
0.668481,
0.345758,
0.700450,
-0.555912,
0.481114,
1.244604,
-1.922970,
-1.664506,
1.899207,
0.605398,
-1.075049,
-0.386035,
-1.511918,
-0.926245,
-0.968615,
-0.673339,
-1.391064,
-0.607969,
-1.513366,
1.536612,
-1.622886,
1.720163,
-0.403920,
-1.810394,
-0.630506,
0.943865,
1.178729,
0.179624,
0.744894,
1.574531,
-1.780833,
-0.785354,
-1.815234,
-1.218093,
0.880663,
0.887013,
1.511196,
0.329732,
-1.717263,
1.690978,
1.201488,
-0.856213,
0.174653,
1.939105,
0.862712,
1.355878,
-0.266958,
-0.117501,
0.242854,
-0.923634,
0.996074,
0.015551,
0.587239,
-0.769018,
-1.445101,
-0.097708,
-0.550163,
1.152454,
1.121183,
0.674049,
-1.465985,
-1.913776,
0.239363,
-0.796724,
1.757639,
1.923615,
-0.853518,
1.203281,
1.584445,
0.390106,
1.536067,
1.774926,
0.196632,
0.913547,
0.307033,
-1.896570,
-0.213876,
0.585208,
0.084812,
-0.510749,
1.748539,
1.318131,
1.396342,
-0.509863,
0.372738,
1.490210,
1.734006,
0.673857,
-1.172894,
0.615402,
-1.711794,
-0.373092,
0.667726,
1.734903,
1.243800,
-0.061807,
1.026997,
-0.331810,
1.887144,
1.951899,
1.456590,
-0.444465,
-0.181033,
-1.013251,
1.137692,
1.531350,
1.654847,
0.233140,
0.395472,
-1.404493,
1.598854,
-0.198426,
-1.177311,
1.598604,
1.050342,
1.529945,
-0.860199,
0.692904,
0.657120,
-1.508740,
-0.370726,
-0.898852,
0.866679,
-0.866462,
1.584795,
1.306316,
-0.439894,
-0.008388,
0.779221,
1.337476,
0.438519,
0.298949,
-0.695831,
-0.174302,
0.855182,
1.537620,
0.883423,
-1.925549,
0.699106,
-0.245965,
-0.248719,
-1.531853,
1.258727,
-0.700578,
-1.015088,
-0.629147,
-0.497231,
0.186215,
0.247681,
-0.416711,
-0.407476,
0.061469,
0.630122,
1.803661,
0.889394,
-0.399681,
1.327485,
-1.462647,
-1.758133,
-1.663012,
-1.344407,
-0.703120,
-0.793093,
-1.953276,
0.159620,
-1.618509,
-1.413941,
0.524565,
1.437282,
1.896887,
0.283354,
1.987401,
0.214166,
0.061834,
-0.677272,
-0.279993,
-0.032775,
-1.715852,
1.550957,
-1.741466,
-0.255260,
1.306518,
-0.421861,
0.453900,
1.274563,
1.544940,
1.724447,
-1.236861,
-0.965671,
1.591463,
0.373447,
0.015360,
0.451238,
1.277689,
0.127557,
-1.191700,
-0.184426,
-0.288356,
1.864211,
0.480220,
0.781560,
0.880658,
-0.612419,
0.067962,
0.226779,
-1.374019,
0.248224,
0.779213,
-0.294178,
1.345082,
0.925548,
-0.559876,
-0.183151,
-0.454440,
1.102219,
0.937084,
-0.278889,
0.775010,
1.780854,
1.136930,
0.822287,
-1.562663,
-0.440277,
0.363619,
-0.162480,
-1.798640,
-1.085250,
1.336756,
-1.937421,
1.454843,
-1.687724,
0.676170,
0.000845,
-1.128025,
0.286463,
-1.511243,
0.684665,
0.398342,
-1.776095,
-1.774628,
-1.389997,
-1.921516,
-0.259298,
1.328886,
0.469561,
0.080518,
1.455473,
-1.609208,
1.632209,
-1.567933,
0.067987,
-1.427376,
0.237482,
-1.981682,
1.066728,
1.394837,
1.667285,
1.947873,
0.020532,
-0.914314,
-1.596998,
0.031395,
0.342437,
1.051548,
-1.668149,
0.646385,
0.067916,
-1.315808,
1.754231,
0.361933,
-0.237461,
1.767676,
0.623655,
-0.192217,
1.358790,
0.130494,
0.215548,
0.720262,
-0.531240,
-1.042838,
0.315694,
1.467548,
-0.372893,
-1.549539,
-0.224617,
-0.799262,
-0.394453,
1.333454,
-0.385485,
-0.439296,
-0.558204,
-1.438979,
-0.959479,
-1.652740,
-0.282411,
-0.970869,
-0.809778,
-0.300566,
-1.523171,
-0.019732,
0.825629,
-1.025707,
1.140280,
-1.703642,
-0.424466,
-1.986424,
-1.117292,
-1.994798,
-1.243281,
-1.430064,
-0.927696,
-1.300432,
-1.445404,
0.395542,
1.604232,
1.757519,
-1.115262,
-0.069314,
-0.495956,
0.095120,
-0.940510,
-1.726571,
-0.254692,
-1.304588,
-1.895572,
1.818713,
-0.277614,
1.846234,
1.049658,
-1.970605,
0.720155,
0.823803,
0.580515,
0.209239,
-1.127565,
1.089465,
-1.087887,
-0.516541,
1.563715,
1.425508,
-0.390266,
-0.727924,
0.434542,
1.640781,
1.636393,
0.366378,
-0.669714,
1.412255,
-0.230408,
1.617422,
-1.867282,
0.129706,
0.865989,
-1.282793,
-0.653868,
-1.249148,
-0.712291,
-0.384573,
0.194265
