5
0
4
1
9
2
1
3
1
4
3
5
3
6
1
7
2
8
6
9
4
0
9
1
1
2
4
3
2
7
3
8
6
9
0
5
6
0
7
6
1
8
7
9
3
9
8
5
9
3
3
0
7
4
9
8
0
9
4
1
4
4
6
0
4
5
6
1
0
0
1
7
1
6
3
0
2
1
1
7
9
0
2
6
7
8
3
9
0
4
6
7
4
6
8
0
7
8
3
1
5
7
1
7
1
1
6
3
0
2
9
3
1
1
0
4
9
2
0
0
2
0
2
7
1
8
6
4
1
6
3
4
5
9
1
3
3
8
5
4
7
7
4
2
8
5
8
6
7
3
4
6
1
9
9
6
0
3
7
2
8
2
9
4
4
6
4
9
7
0
9
2
9
5
1
5
9
1
2
3
2
3
5
9
1
7
6
2
8
2
2
5
0
7
4
9
7
8
3
2
1
1
8
3
6
1
0
3
1
0
0
1
7
2
7
3
0
4
6
5
2
6
4
7
1
8
9
9
3
0
7
1
0
2
0
3
5
4
6
5
8
6
3
7
5
8
0
9
1
0
3
1
2
2
3
3
6
4
7
5
0
6
2
7
9
8
5
9
2
1
1
4
4
5
6
4
1
2
5
3
9
3
9
0
5
9
6
5
7
4
1
3
4
0
4
8
0
4
3
6
8
7
6
0
9
7
5
7
2
1
1
6
8
9
4
1
5
2
2
9
0
3
9
6
7
2
0
3
5
4
3
6
5
8
9
5
4
7
4
2
7
3
4
8
9
1
9
2
8
7
9
1
8
7
4
1
3
1
1
0
2
3
9
4
9
2
1
6
8
4
7
7
4
4
9
2
5
7
2
4
4
2
1
9
7
2
8
7
6
9
2
2
3
8
1
6
5
1
1
0
2
6
4
5
8
3
1
5
1
9
2
7
4
4
4
8
1
5
8
9
5
6
7
9
9
3
7
0
9
0
6
6
2
3
9
0
7
5
4
8
0
9
4
1
2
8
7
1
2
6
1
0
3
0
1
1
8
2
0
3
9
4
0
5
0
6
1
7
7
8
1
9
2
0
5
1
2
2
7
3
5
4
9
7
1
8
3
9
6
0
3
1
1
2
6
3
5
7
6
8
